74 189785
0 1 15 65 70 126 455 467 638 
2 10 11 18 34 43 114 177 371 540 804 
3 4 5 7 12 41 60 66 83 128 139 190 233 319 
6 8 13 22 28 35 57 63 107 123 129 210 267 331 420 873 986 
9 14 24 30 32 40 52 103 108 119 145 147 164 200 288 493 509 
16 17 19 23 25 27 33 37 73 77 97 121 135 142 158 162 163 180 221 281 283 341 593 
20 21 29 46 75 79 93 113 144 197 237 250 277 311 335 491 513 
26 31 36 38 45 80 82 88 146 168 205 209 222 255 286 338 368 411 644 656 881 
39 42 47 48 51 62 98 99 104 134 169 174 223 249 295 323 394 434 438 477 536 609 753 863 927 
44 49 50 53 54 55 56 59 89 115 117 179 181 206 229 238 244 306 337 359 478 497 685 694 
58 61 64 67 68 69 94 118 122 198 213 225 246 260 263 349 375 382 448 474 518 548 718 749 779 965 
71 72 74 76 84 109 143 160 161 170 172 241 261 266 279 287 326 376 386 418 529 580 639 739 876 
78 85 86 148 151 167 208 227 272 285 296 313 340 342 392 419 428 432 439 585 658 762 801 915 983 
81 87 90 91 96 124 130 152 189 194 302 303 318 329 395 399 456 502 603 605 686 811 995 
92 95 100 102 112 165 196 224 231 240 264 291 332 397 446 495 510 521 549 610 696 992 
101 105 106 125 131 252 358 367 400 469 507 550 557 607 613 615 734 740 758 793 828 
110 111 116 120 132 137 149 270 379 430 476 527 561 619 705 882 909 924 956 
127 155 156 186 202 234 276 362 407 435 479 485 534 562 573 616 677 678 730 750 823 853 906 957 
133 136 138 140 153 157 159 183 192 297 316 482 487 528 578 582 604 635 661 668 707 720 872 885 910 945 953 
141 150 154 166 173 178 191 219 239 292 396 520 547 597 622 629 651 699 738 819 901 926 932 
171 182 184 187 282 355 402 408 576 617 631 652 691 702 769 802 896 949 970 
175 176 188 195 201 211 218 220 345 353 364 488 611 650 663 666 724 815 922 
185 193 199 203 204 207 217 265 280 289 403 558 665 673 681 714 731 796 806 972 
212 214 215 216 226 236 321 357 421 429 565 729 735 737 774 816 861 871 955 
228 230 235 243 253 298 436 494 499 632 747 776 781 834 892 938 
232 242 247 248 251 258 315 406 721 743 794 826 851 959 963 
245 254 256 271 273 274 324 344 363 647 751 808 841 846 852 928 937 961 969 
257 259 262 275 284 290 452 533 746 879 894 936 941 
268 269 278 293 300 301 312 389 501 554 630 745 848 889 907 950 967 996 
294 299 304 305 307 309 314 322 325 352 390 405 444 492 687 754 757 903 964 981 
308 310 317 328 348 553 591 951 994 998 
320 327 330 333 343 380 712 943 
334 336 346 350 351 361 372 385 470 531 546 552 572 640 700 786 973 
339 347 354 356 360 404 422 543 683 785 
365 369 373 410 414 486 589 590 789 856 868 
366 370 374 377 378 381 383 387 388 457 464 966 
384 391 401 424 515 517 581 768 
393 398 409 412 413 442 484 614 623 636 759 
415 416 417 423 440 450 459 633 669 836 
425 426 427 431 458 461 706 761 770 772 
433 437 441 443 462 524 624 736 829 
445 447 449 451 463 466 468 535 541 
453 454 460 465 489 574 602 791 798 
471 472 508 559 579 592 600 618 643 709 931 977 
473 475 480 481 483 496 504 523 596 626 833 899 935 980 
490 498 500 503 512 612 628 679 682 782 817 887 
505 506 511 526 532 571 722 837 947 971 
514 519 522 537 538 555 657 675 
516 525 530 539 542 544 566 567 763 
545 551 556 564 568 587 655 698 701 988 
560 563 569 577 586 588 670 676 689 775 925 
570 575 583 584 594 595 608 653 767 908 
598 599 620 654 659 843 905 913 
601 606 621 627 634 642 646 672 680 708 719 
625 637 641 648 660 662 664 742 784 976 
645 649 667 671 674 688 690 695 787 897 991 
684 692 693 697 710 733 741 809 891 
703 704 711 771 812 824 825 
713 715 717 732 748 835 869 
716 723 725 726 728 783 797 832 877 
727 744 752 756 760 764 766 777 875 
755 765 773 778 790 792 831 858 880 990 
780 788 795 799 807 814 844 886 952 
800 803 805 810 818 820 821 849 919 
813 822 827 840 904 933 
830 838 839 842 845 850 862 864 893 920 
847 854 855 857 859 865 866 867 890 912 918 975 
860 870 874 878 884 888 900 944 948 985 
883 895 898 902 911 930 934 942 997 
914 916 940 
917 921 923 968 984 
929 946 958 960 974 978 993 
939 954 962 979 982 989 
987 999 
