76 78950.69489
298 94 544 73 362 
440 140 141 559 117 273 501 220 
173 274 484 470 384 149 417 137 
118 326 111 477 
231 596 126 167 175 357 
407 132 70 254 349 588 19 517 134 290 186 419 
96 38 451 480 533 591 581 598 183 
593 471 138 283 454 93 366 376 505 
266 133 580 411 524 209 306 493 
423 555 564 352 549 25 33 268 448 338 
565 69 77 398 401 99 61 
394 341 415 587 324 23 185 542 570 
13 27 316 172 60 342 239 447 365 386 142 296 
14 304 436 309 532 308 511 
483 36 270 103 478 287 547 155 
526 193 461 578 49 317 208 
202 427 275 80 305 159 166 7 312 354 47 458 
16 
476 334 301 408 81 278 343 1 179 
51 156 71 353 269 322 498 585 211 
315 397 59 508 224 261 571 
123 17 226 15 169 64 101 
245 97 68 108 420 251 37 488 98 
485 371 31 600 265 553 55 153 393 
109 459 213 539 272 432 335 457 222 
430 233 444 586 462 250 151 388 82 44 
120 584 200 276 
367 100 345 597 560 271 302 576 579 
503 282 356 466 
490 567 385 434 210 102 8 206 106 190 
292 487 34 115 105 89 43 87 
380 509 561 128 157 131 90 
520 552 184 568 327 139 26 333 116 
9 91 534 347 
535 42 165 325 428 442 399 449 359 
110 154 321 285 182 515 122 413 164 
551 554 74 422 460 
76 255 583 88 178 228 594 392 
201 589 247 414 519 425 300 566 491 
358 92 243 
192 387 262 453 234 289 465 28 332 
574 212 355 279 492 479 95 
124 147 421 500 467 30 
63 375 107 548 541 144 402 381 409 
181 546 3 482 152 336 455 
235 512 79 339 379 48 536 525 223 
344 416 113 216 249 259 
284 286 127 438 
0 390 346 263 218 257 294 528 510 529 199 
41 191 475 523 54 217 545 383 
530 119 18 319 513 331 468 563 429 
39 136 66 522 435 291 400 507 
556 170 204 20 163 203 58 196 
264 377 145 295 469 368 230 391 214 
550 187 11 258 370 244 4 
256 168 540 410 232 57 24 188 
418 443 297 40 473 372 86 314 150 351 242 573 
497 238 495 129 
437 50 125 83 396 280 590 114 337 446 
84 323 373 577 424 502 215 329 
599 364 62 389 162 348 537 148 35 
158 472 499 310 531 
382 538 441 303 412 160 360 176 65 450 104 474 
241 403 237 521 174 361 219 
504 288 227 431 527 313 
481 143 405 320 496 378 558 75 
452 67 330 197 6 595 506 189 207 350 
562 518 486 146 10 557 463 318 
307 494 85 592 406 198 246 260 369 
56 121 78 45 229 277 
46 404 32 130 225 439 489 514 281 52 112 
299 569 194 456 267 248 236 575 426 
5 2 582 445 340 374 252 221 72 253 
12 328 53 195 171 240 
22 395 205 177 572 433 135 464 21 180 
363 516 293 29 161 311 543 
