70 76991.20653
192 263 178 4 411 469 435 
321 281 295 319 244 412 128 294 487 
537 516 50 30 544 381 361 
88 449 199 448 532 362 231 174 290 
440 363 524 115 101 0 
403 181 255 297 85 433 93 150 166 
479 293 184 405 353 64 475 185 250 391 
423 512 339 597 146 72 568 215 73 333 
382 476 143 529 40 200 498 466 
390 27 232 127 278 495 158 
133 197 53 247 539 378 338 463 287 47 
96 599 56 151 578 587 195 455 71 139 
418 76 596 429 129 23 310 416 98 464 
246 452 443 558 567 135 172 328 
373 285 134 399 117 595 29 190 
446 387 372 541 557 102 462 157 566 415 258 
136 205 562 251 340 468 90 277 454 
67 49 354 261 243 341 
194 207 112 543 307 482 322 118 
332 313 156 60 548 3 203 335 388 331 
551 69 320 563 521 395 52 393 542 
538 520 132 359 241 570 424 549 230 
530 33 309 271 164 223 175 248 
407 141 389 437 397 221 585 108 317 44 
46 109 471 564 206 41 153 519 546 
425 483 486 467 478 176 
168 410 536 499 383 573 327 579 
490 513 262 57 326 493 24 351 59 138 
305 330 417 306 398 213 
282 506 125 
147 193 365 491 97 152 260 500 426 413 
154 329 496 318 239 586 396 401 
196 554 402 590 116 525 114 163 420 547 488 419 
120 574 347 528 83 95 
235 404 489 272 364 11 229 58 302 45 8 
256 299 344 470 560 501 74 
550 545 51 494 177 509 159 209 275 552 
434 323 17 270 79 36 110 527 598 502 212 
371 82 447 384 583 89 441 
580 582 218 233 234 380 142 439 453 
170 149 173 288 259 210 265 450 511 214 
375 13 367 70 145 465 576 226 249 87 
124 292 38 355 594 400 477 456 
497 9 18 312 63 591 220 535 62 316 267 
5 518 167 122 304 484 43 533 
593 409 289 523 334 21 432 148 474 
183 121 78 461 219 584 204 379 301 
346 284 94 160 308 111 100 77 505 
238 165 534 314 286 510 
162 555 191 345 48 324 296 34 
504 86 394 485 460 325 10 
2 352 298 561 169 300 144 280 37 291 
123 201 92 99 350 366 20 224 
515 182 472 342 28 103 75 7 451 91 357 
565 12 431 119 473 31 
39 242 15 6 227 414 140 
14 26 408 126 216 442 276 211 1 
279 187 556 84 252 386 311 507 492 
553 66 457 55 422 25 171 131 104 
427 273 80 186 406 445 180 575 
42 253 61 266 54 137 514 179 228 481 237 
202 225 588 113 360 188 343 385 368 444 264 
274 35 559 589 349 421 531 161 370 581 
245 68 522 
600 337 107 592 374 257 540 572 19 268 32 217 
22 369 377 189 283 458 438 
503 356 436 155 130 428 
526 358 459 577 254 348 240 106 208 392 
16 569 508 81 65 376 517 105 236 
315 480 198 571 430 222 303 336 269 
