73 76740.51349
135 404 542 401 576 266 395 144 524 47 246 
520 538 330 137 34 498 502 322 102 291 
98 398 201 347 598 581 546 63 251 499 
418 346 96 392 173 310 279 422 125 
423 143 164 515 133 223 278 410 74 
369 338 402 540 32 
419 552 9 535 424 592 350 265 445 
139 472 40 372 122 248 464 
503 257 312 460 317 10 
46 489 191 297 24 211 563 305 160 261 236 
225 296 273 177 258 362 588 131 461 355 38 477 541 
363 416 178 45 29 587 547 359 77 
321 595 106 600 568 537 20 430 484 30 507 
134 166 155 486 190 215 564 224 429 481 332 348 
189 12 345 562 227 259 324 
326 518 217 421 454 73 
323 285 506 463 151 204 
577 364 560 84 462 449 377 569 
523 405 561 385 43 521 
275 427 18 249 150 219 157 397 
545 68 388 384 44 571 311 351 301 206 
516 75 488 586 439 373 244 197 
599 121 487 370 536 158 108 381 
526 115 473 558 112 209 241 
476 475 37 365 174 303 342 432 
539 339 557 116 142 318 
171 196 272 356 580 198 54 573 
17 281 327 60 55 276 146 72 585 492 103 
154 53 126 255 425 162 136 495 589 
440 170 282 466 88 31 199 286 455 
128 234 80 
358 78 549 213 208 
299 187 319 396 409 195 469 
104 491 26 270 222 3 357 205 250 212 393 
531 597 335 433 
572 51 148 420 583 314 295 394 23 
375 306 33 426 340 584 220 509 
22 35 193 417 343 380 441 
437 443 482 411 267 522 480 300 527 
202 452 94 379 496 470 582 308 252 277 221 
237 543 59 182 71 48 528 175 
474 5 512 141 169 153 70 354 101 510 
283 119 25 176 243 61 28 185 90 
530 504 64 548 95 
168 578 110 188 228 11 167 383 
550 66 500 436 376 360 
76 165 8 247 105 287 81 253 
56 186 493 458 269 361 82 465 87 
52 13 27 172 329 408 179 591 271 147 448 230 
511 92 331 501 163 239 313 413 
127 49 407 232 149 567 366 
387 192 233 414 
79 574 280 570 113 478 231 159 
194 218 117 334 226 36 468 
132 109 238 333 444 532 111 325 
274 565 129 566 544 268 114 
485 16 494 431 390 260 207 65 290 
284 341 161 235 302 4 58 446 579 
2 349 428 328 130 534 367 525 264 453 
593 471 559 288 352 315 316 140 
554 39 210 262 19 99 353 336 156 
497 459 467 575 519 
256 245 307 529 50 450 479 505 533 513 
596 451 152 107 447 293 229 553 374 
382 67 555 89 180 514 57 556 400 
371 124 292 289 91 203 412 456 97 
517 406 93 389 
438 344 551 320 435 594 304 442 391 
490 100 42 415 590 200 378 86 41 
14 483 184 216 294 434 386 
6 123 298 7 69 508 138 309 1 263 
0 120 403 181 457 145 118 83 368 337 183 
62 399 21 240 242 254 15 214 85 
