96 110918.17765
269 585 399 580 404 313 174 167 463 266 
582 530 333 306 372 524 201 405 
354 517 316 310 370 68 
584 27 193 305 187 577 363 145 
233 472 536 391 219 200 239 556 
347 385 349 33 62 26 526 502 
209 317 560 553 111 440 143 
202 221 277 103 250 511 578 429 194 
258 407 369 506 
131 5 476 123 413 
71 85 497 382 243 311 338 
600 390 113 559 231 256 73 
387 281 8 46 346 533 97 
78 94 332 15 98 29 583 527 
558 368 165 442 589 86 345 222 
377 445 179 496 494 309 570 421 
4 60 312 236 483 355 298 205 
448 259 260 386 43 
1 211 562 475 479 359 16 
531 538 576 196 
162 61 54 210 225 75 
264 482 36 379 436 439 493 
282 23 415 242 19 470 
263 45 25 102 44 197 489 
152 492 83 142 593 336 
426 80 133 118 
598 148 567 595 374 291 473 292 
245 435 32 380 147 151 100 212 
564 125 591 544 58 401 
303 358 124 159 252 324 223 
550 289 597 427 9 
367 51 72 114 203 293 
416 144 465 400 31 
451 41 206 507 328 425 130 
24 67 417 474 487 241 
120 351 255 516 230 248 356 
182 575 126 461 
294 214 453 216 
115 208 447 195 315 402 81 348 172 
65 227 446 528 185 546 272 57 
28 129 458 301 495 
249 454 279 543 170 
235 79 397 329 422 20 
376 220 262 109 119 592 449 
529 238 7 443 268 586 
38 565 122 173 459 438 571 198 138 
469 433 166 555 554 74 175 106 
457 18 304 535 70 343 
318 525 396 366 154 280 117 257 
327 484 587 512 
539 518 295 362 161 371 234 
414 437 478 135 393 251 
341 265 503 596 213 408 
246 91 498 431 375 
12 271 189 217 
139 334 319 561 424 364 
226 224 92 30 
515 112 59 521 270 
360 510 76 52 361 56 
504 87 352 99 339 176 128 
108 286 181 552 
455 500 155 594 314 64 88 423 
300 519 53 420 190 330 140 
35 501 93 107 247 
534 276 116 419 199 171 444 
383 488 283 410 409 178 157 267 6 
418 428 153 163 137 456 3 
296 188 468 432 164 275 184 
403 466 450 452 566 307 
462 168 146 285 406 323 
132 228 21 186 284 
95 321 337 509 
563 477 121 149 569 158 127 522 22 
302 540 218 204 141 90 344 
150 278 430 365 505 299 378 
261 274 572 254 568 389 47 
101 573 290 357 169 240 350 89 
13 229 215 331 11 486 
104 10 460 467 548 273 
395 34 14 288 63 237 
39 547 520 574 48 588 66 
581 287 183 384 232 2 499 
579 84 590 557 481 40 
207 320 136 491 464 542 490 
177 513 545 17 134 
398 599 42 244 49 340 55 
514 253 412 160 77 
537 110 191 532 308 335 105 82 434 
551 471 373 381 96 342 353 
322 325 541 50 37 180 
326 485 388 297 
411 392 69 394 441 
549 523 
480 156 
508 
192 
